Result: 3.659130
Time: 0.661636 s
dx=0.000100 n=10000
----------------------
Result: 3.498673
Time: 1.860155 s
dx=0.000050 n=20000
----------------------
Result: 3.141594
Time: 0.294852 s
dx=0.000000 n=2000
