Result: 3.659130
Time: 0.529958 s
dx=0.0001000000 n=10000
----------------------
Result: 3.370235
Time: 0.116385 s
dx=0.0000500000 n=2000
----------------------
Result: 3.305987
Time: 0.558178 s
dx=0.0000100000 n=10000
